Timestamp;Map;Duration;Victory;KillingBlows;HonorKills;Deaths;Damage;Healing;Honor;RatingChange;MMR;EnemyMMR;Specialization;PrestigeLevel;isRated;isBrawl;isMercenary
1589633938;2106;822;false;1;5;5;2409381;5709070;166;-3;1754;1850;Guardian;100;true;false;false
1589632595;761;766;true;2;25;0;4566087;3185321;593;18;1623;1721;Guardian;100;true;false;false
1589630809;727;374;true;0;11;0;358773;793106;493;11;1520;1486;Guardian;100;true;false;false
1589629180;2107;963;false;0;16;4;6088586;10979000;288;-13;1697;1477;Guardian;100;true;false;false
1589627446;1035;503;true;1;22;1;3353123;4142249;513;14;1542;1562;Guardian;100;true;false;false
1589626786;726;563;false;0;2;4;2159259;5174054;233;-1;1582;1983;Guardian;100;true;false;false
1589626063;1803;330;true;3;9;0;2339416;1549967;483;15;1417;1545;Guardian;100;true;false;true
1589624372;566;954;false;1;10;2;9378898;11067538;250;-8;1575;1612;Guardian;100;true;false;true
1589622302;2107;864;false;0;2;1;3876782;3607475;204;-1;1682;2000;Guardian;100;true;false;false
1589620807;761;799;true;0;5;0;1921938;2096760;856;18;1452;1684;Guardian;100;true;false;true
1589576013;727;613;false;0;5;6;942654;1978117;237;-10;1531;1541;Balance;100;true;false;false
1589575007;727;533;true;0;8;0;143224;277556;492;11;1468;1446;Guardian;100;true;false;false
1589573512;726;1110;false;0;23;5;5150259;11771515;318;-9;1550;1567;Guardian;100;true;false;false
1589572144;726;704;true;1;25;0;1454902;3675396;912;13;1487;1501;Guardian;100;true;false;false
1588086793;727;628;false;0;16;6;2775960;1542841;252;-16;1366;1377;Balance;98;true;false;true
1588085776;2245;822;false;0;1;1;2061182;2698260;202;-12;1424;1519;Guardian;98;true;false;false
1588004191;566;527;false;1;6;0;5405066;6343788;118;-8;1633;1624;Guardian;98;true;false;false
1588001098;2245;981;false;0;7;1;8426763;13550560;234;-10;1571;1574;Guardian;98;true;false;false
1587926470;761;715;false;0;0;3;3224484;5674400;230;-11;1491;1579;Guardian;98;true;false;false
1587924827;2106;1070;false;0;7;4;2825282;8458311;189;-10;1591;1604;Guardian;98;true;false;false
1587920473;2245;930;false;0;1;4;3977840;2391630;222;-9;1626;1660;Balance;98;true;false;true
1587836375;2245;946;false;0;2;1;3384798;4513240;233;-13;1573;1554;Guardian;98;true;false;true
1587834957;727;701;true;1;30;0;2870776;4471836;531;8;1459;1444;Guardian;98;true;false;false
1587833515;727;455;true;0;33;0;865006;1240770;521;4;1440;1299;Guardian;98;true;false;false
1587832270;726;708;false;0;14;3;3934634;8810355;251;-18;1436;1399;Guardian;98;true;false;false
1587819765;726;1208;true;0;18;3;15247083;16624147;612;8;1599;1462;Guardian;98;true;false;true
1587817904;1803;693;true;1;20;0;7881676;5681211;504;4;1604;1295;Guardian;98;true;false;true
1587815904;726;614;true;1;16;0;1745579;2210615;602;12;1552;1548;Guardian;98;true;false;false
1587814787;727;535;false;1;11;0;2889447;6831026;211;-5;1605;1786;Guardian;98;true;false;false
1587813740;2245;800;true;0;6;2;5351012;8369671;787;14;1534;1617;Guardian;98;true;false;false
1587811578;566;907;false;0;1;6;6166166;7775558;252;-11;1611;1598;Guardian;98;true;false;false
1587810394;1803;615;false;0;3;3;3978847;9977174;136;0;1627;1996;Guardian;98;true;false;false
1587754846;2107;979;true;1;20;0;12083216;9899879;511;15;1693;1640;Guardian;97;true;false;false
1587753616;2106;754;false;0;10;3;3986695;8500470;176;-6;1760;1731;Guardian;97;true;false;false
1587752380;726;1208;true;0;14;2;3161744;8534195;604;19;1720;1756;Guardian;97;true;false;false
1587750988;761;710;true;2;15;0;3923460;4600544;571;16;1626;1644;Guardian;97;true;false;false
1587749856;1035;666;true;0;36;4;3148097;1282568;831;25;1525;1437;Balance;97;true;false;false
1587666866;1035;836;true;4;25;5;4921086;6162302;515;29;1507;1500;Guardian;97;true;false;true
1587663744;761;1017;true;0;1;1;2344990;4224334;543;14;1444;1448;Guardian;97;true;false;false
1587662552;761;228;true;0;3;0;880618;1321444;846;3;1398;1109;Guardian;97;true;false;false
1587661471;2107;936;false;0;4;0;2061745;1466604;252;-13;1409;1411;Guardian;97;true;false;false
1587493784;2107;982;true;1;4;0;2394512;2662817;639;12;1510;1447;Guardian;97;true;false;true
1587491251;2107;923;true;0;14;0;3022188;3156849;663;11;1414;1412;Guardian;97;true;false;false
1587489977;761;718;false;0;1;3;1692028;2888997;292;-10;1499;1507;Guardian;97;true;false;false
1587488371;2107;899;true;2;29;1;4824890;5814152;686;11;1425;1409;Guardian;97;true;false;false
1587486543;2107;942;false;0;2;9;445300;4297893;285;-7;1468;1581;Restoration;97;true;false;false
1587484639;1803;873;false;0;7;4;3510846;7803920;294;-15;1450;1376;Guardian;97;true;false;false
1587482886;726;1128;false;0;12;5;5047912;12437939;344;-12;1453;1456;Guardian;97;true;false;false
1587481070;566;1108;true;5;11;2;4707461;9044023;1138;35;1424;1491;Guardian;96;true;false;false
1587406358;2245;945;false;0;0;1;2392285;2547271;280;-8;1584;1568;Guardian;96;true;false;true
1587403527;566;1074;true;1;19;0;11386690;10165290;655;17;1515;1556;Guardian;96;true;false;false
1587401984;2106;1207;true;0;18;1;1318712;3256525;1129;13;1425;1426;Guardian;96;true;false;true
1587400430;2245;982;false;0;14;0;2437897;2351044;319;-10;1496;1463;Guardian;96;true;false;false
1587142419;727;632;false;0;3;0;745688;2399044;285;-6;1594;1595;Guardian;96;true;false;false
1587141603;2245;911;false;0;8;3;4304135;6763478;287;-5;1655;1640;Guardian;96;true;false;false
1587140364;566;920;true;0;16;0;810613;4406026;1150;19;1614;1624;Guardian;96;true;false;false
1587039842;2106;786;false;0;12;4;1064085;2593244;227;-7;1494;1555;Guardian;96;true;false;false
1587038637;566;971;false;0;10;1;3231787;4515512;363;-7;1587;1584;Guardian;96;true;false;false
1587037489;726;445;true;0;24;0;0;69771;1180;17;1521;1548;Guardian;96;true;false;false
1586961212;727;455;false;0;1;1;726810;895670;212;-14;1355;1350;Guardian;96;true;false;true
1586889531;761;1172;false;1;19;0;7599346;12990892;357;-7;1555;1567;Guardian;95;true;false;false
1586887293;1803;661;true;0;22;1;3137434;3573650;501;17;1584;1568;Guardian;95;true;false;false
1586886406;566;506;true;0;4;0;148906;168413;895;16;1487;1524;Guardian;95;true;false;false
1586797738;726;968;false;1;23;3;418101;8259748;342;-9;1509;1495;Restoration;95;true;false;false
1586795995;2107;1019;true;0;9;3;346546;14778083;793;15;1471;1481;Restoration;95;true;false;false
1586763382;727;492;false;0;0;2;1464788;2025782;150;-8;1472;1505;Guardian;95;true;false;false
1586726206;727;633;false;1;17;2;5634396;5241816;270;-15;1373;1326;Guardian;95;true;false;true
1586724003;1035;804;false;1;32;5;5848636;7506855;305;-11;1406;1440;Guardian;95;true;false;false
1586723015;2107;781;true;0;2;1;2708331;4675655;476;8;1267;1294;Guardian;95;true;false;false
1586721433;726;539;false;0;1;3;2962309;5884254;227;-13;1285;1384;Guardian;95;true;false;false
1586720398;1035;649;false;0;26;2;3708876;4633718;240;-14;1338;1370;Guardian;95;true;false;false
1586697605;726;1208;true;2;22;1;7018522;15677753;620;11;1346;1401;Guardian;95;true;false;false
1586695580;2107;929;true;0;23;0;3481874;3864229;822;4;1297;1168;Guardian;95;true;false;false
1586694265;566;632;false;1;2;2;2562698;5028608;166;-13;1341;1402;Guardian;95;true;false;false
1586692577;2106;1207;false;1;26;1;8925894;17138282;317;-14;1460;1403;Guardian;95;true;false;false
1586619930;726;499;false;0;3;3;1479076;4194067;230;-8;1541;1591;Guardian;95;true;false;false
1586545133;566;1001;false;0;26;1;655981;14707392;344;-12;1507;1481;Restoration;94;true;false;false
1586543125;761;773;true;0;17;3;692387;7714133;577;13;1438;1482;Restoration;94;true;false;false
1586541955;1803;836;false;0;7;7;309966;4551962;184;-9;1475;1563;Restoration;94;true;false;false
1586538204;727;700;false;0;7;4;304944;11865588;262;-10;1482;1534;Restoration;94;true;false;false
1586536855;726;1208;true;0;39;0;791856;8226783;659;9;1434;1366;Restoration;94;true;false;false
1586535484;727;642;true;0;8;0;468154;11584032;798;9;1372;1362;Restoration;94;true;false;false
1586534063;1803;755;false;0;8;4;788834;6910946;202;-15;1408;1392;Restoration;94;true;false;false
1586470340;727;429;false;1;4;0;2486706;3931154;163;-7;1479;1651;Guardian;94;true;false;true
1586468796;566;751;true;0;10;0;424762;737743;507;6;1442;1277;Guardian;94;true;false;false
1586466030;2106;1207;false;1;11;5;8941339;16455944;218;-13;1363;1462;Guardian;94;true;false;false
1586463503;2107;1009;false;1;2;0;4693650;4965658;251;-14;1441;1445;Guardian;94;true;false;false
1586462179;726;480;false;1;6;3;1838514;5074238;226;-12;1519;1512;Guardian;94;true;false;false
1586450934;761;629;false;0;4;0;3072831;4604938;218;-6;1760;1712;Guardian;94;true;false;false
1586449659;761;973;true;0;7;2;10023135;14592536;551;16;1663;1638;Guardian;94;true;false;false
1586448166;2107;1081;true;0;14;2;4353988;6752072;503;14;1554;1540;Guardian;94;true;false;false
1586446607;761;606;true;2;19;0;4905528;6878409;870;10;1449;1419;Guardian;94;true;false;false
1586364643;1803;1003;false;2;20;3;5245469;11047586;282;-13;1475;1477;Guardian;94;true;false;false
1586362701;727;492;false;0;0;4;32375;5651261;170;-7;1620;1673;Restoration;94;true;false;false
1586361878;1035;773;true;0;38;2;1248428;8539448;538;15;1537;1565;Restoration;94;true;false;false
1586360503;2107;823;true;0;9;0;420894;7251570;789;9;1469;1374;Restoration;94;true;false;false
1586279792;726;841;true;0;5;2;2043139;3099733;594;10;1401;1413;Guardian;93;true;false;false
1586278719;2245;917;true;0;13;0;5923712;6403816;503;6;1341;1251;Guardian;93;true;false;false
1586277232;2106;1099;false;0;12;4;3818276;10590035;210;-16;1326;1364;Guardian;93;true;false;false
1586275842;1035;471;false;1;7;3;2499642;3461558;154;-13;1427;1453;Guardian;93;true;false;true
1586274874;727;426;true;0;21;0;1137422;1310313;508;8;1330;1352;Guardian;93;true;false;false
1586273374;727;697;false;1;11;1;2827808;5842210;278;-14;1346;1433;Guardian;93;true;false;false
1586272208;727;681;false;0;14;0;4017743;6076104;271;-12;1415;1516;Guardian;93;true;false;false
1586271358;726;744;true;1;20;1;1458808;4207370;921;8;1301;1371;Guardian;93;true;false;false
1586270130;2245;921;false;0;0;4;4568328;8446794;220;-16;1390;1401;Guardian;93;true;false;false
1586095265;2245;1038;true;0;0;0;0;1807;470;52;1791;1678;Guardian;93;true;false;false
1586094068;726;1114;true;1;36;2;2925375;9041399;667;18;1660;1620;Guardian;93;true;false;true
1586092529;566;277;true;0;17;0;598564;1044992;549;16;1542;1536;Guardian;93;true;false;false
1586092093;726;843;true;0;26;1;2391446;6488293;917;10;1416;1373;Guardian;93;true;false;false
1585945051;1803;1209;false;0;2;3;9759580;16035581;193;-11;1489;1461;Guardian;93;true;false;false
1585943224;726;1189;true;1;13;2;5115497;12685552;640;13;1355;1468;Guardian;93;true;false;false
1585941486;726;1208;false;0;9;3;4962956;9581522;338;-13;1448;1416;Guardian;93;true;false;true
1585938775;726;1208;true;1;26;3;4301988;8071108;593;9;1395;1338;Guardian;93;true;false;false
1585936317;761;704;false;0;0;2;3753120;4316218;240;-8;1517;1567;Guardian;92;true;false;false
1585935435;726;988;true;1;15;1;1820451;5622594;634;11;1434;1395;Guardian;92;true;false;false
1585918959;1035;543;false;2;10;4;4524463;4318118;207;-9;1475;1529;Guardian;92;true;false;false
1585918136;1803;571;true;2;28;0;3718402;5740022;516;11;1437;1396;Guardian;92;true;false;false
1585916785;726;815;true;0;13;1;2178595;6994908;905;9;1345;1327;Guardian;92;true;false;false
1585915411;2107;995;false;0;13;1;5880372;6563806;290;-13;1395;1389;Guardian;92;true;false;false
1585761065;726;1207;false;0;7;3;1636902;5820568;335;-13;1429;1418;Guardian;92;true;false;false
1585759549;2107;930;false;0;1;0;168157;584064;232;-9;1490;1527;Guardian;92;true;false;false
1585592196;2107;898;false;1;10;3;6997516;13457051;230;-10;1484;1527;Guardian;92;true;false;false
1585591117;727;493;true;0;8;1;3759382;5840394;496;11;1427;1418;Guardian;92;true;false;false
1585590133;566;889;false;0;1;4;10142360;11465895;222;-12;1438;1477;Guardian;92;true;false;false
1585588494;2106;1207;false;1;21;4;5377432;10000584;230;-12;1551;1478;Guardian;92;true;false;false
1585587084;2245;1029;true;1;4;2;6392180;9166128;484;14;1487;1512;Guardian;92;true;false;false
1585585872;1035;722;true;2;38;3;4176298;5364700;529;11;1428;1414;Guardian;92;true;false;false
1585584273;727;593;true;4;6;0;6155676;6357914;497;10;1374;1371;Guardian;92;true;false;false
1585583147;1035;498;false;0;9;3;5807570;6061679;166;-14;1421;1401;Guardian;92;true;false;false
1585582382;1803;488;false;0;1;3;1834474;4191104;132;-9;1530;1558;Guardian;92;true;false;true
1585581384;727;550;true;1;8;1;2935768;4019672;796;8;1462;1326;Guardian;92;true;false;false
1585505915;566;828;false;1;6;2;5503212;8661064;260;-11;1520;1505;Guardian;92;true;false;false
1585434882;566;1017;true;1;15;2;7450462;13689420;497;13;1484;1479;Guardian;92;true;false;true
1585433083;2106;838;true;2;13;0;3615995;6477120;522;9;1442;1355;Guardian;91;true;false;true
1585431582;727;660;true;1;7;0;5289524;8388246;494;10;1391;1381;Guardian;91;true;false;false
1585429004;1803;811;false;0;7;1;5511801;8591043;216;-13;1371;1415;Guardian;91;true;false;false
1585427825;726;789;false;0;5;3;4384878;8278660;255;-14;1457;1413;Guardian;91;true;false;false
1585426490;2245;1008;true;0;1;4;9916830;8691035;473;9;1385;1354;Guardian;91;true;false;false
1585425253;1803;1079;true;2;8;3;9347899;15271125;789;8;1316;1337;Guardian;91;true;false;false
1585344790;1803;889;false;0;11;3;6994744;11242629;181;-13;1409;1443;Guardian;91;true;false;false
1585343566;726;912;true;0;33;0;790993;1307599;655;8;1357;1325;Guardian;91;true;false;false
1585341921;726;1015;false;0;5;5;2828154;9343026;314;-11;1437;1477;Guardian;91;true;false;false
1585339884;761;766;true;0;1;0;1952852;2801423;542;9;1358;1365;Guardian;91;true;false;false
1585337869;2107;787;false;0;0;2;2063238;4566734;200;-10;1470;1526;Guardian;91;true;false;false
1585335682;726;1209;true;0;30;3;3528804;7776360;601;7;1339;1308;Guardian;91;true;false;false
1585334211;1035;679;false;0;15;6;6012483;6784030;234;-13;1500;1426;Guardian;91;true;false;false
1585333134;1035;418;true;2;37;1;2135929;2413910;536;7;1435;1180;Guardian;91;true;false;false
1585332374;1035;343;true;1;23;2;2088589;3078494;810;8;1327;1247;Guardian;91;true;false;false
1585263697;1803;873;true;0;16;3;655054;8675434;500;7;1411;1308;Restoration;91;true;false;false
1585262577;2106;894;false;1;2;3;404189;11247337;175;-10;1463;1516;Restoration;91;true;false;false
1585261114;2245;940;false;0;13;4;181526;8769078;267;-11;1510;1510;Restoration;91;true;false;false
1585259950;727;378;true;1;15;0;174798;2279747;500;31;1503;1354;Restoration;91;true;false;false
1585259418;2106;1208;true;0;21;4;764081;9004159;541;39;1422;1485;Restoration;90;true;false;false
1585257296;566;884;true;2;14;5;603001;11262943;535;40;1456;1500;Restoration;90;true;false;false
1585256178;1035;413;true;0;9;2;308925;3447021;492;30;1413;1437;Restoration;90;true;false;false
1585254733;2106;1207;false;0;13;8;175024;9265090;263;-12;1481;1331;Restoration;90;true;false;false
1585252940;761;1028;true;0;12;4;368791;13364330;562;41;1411;1393;Restoration;90;true;false;false
1585251163;2106;678;false;1;8;3;475193;7982014;206;-7;1497;1473;Restoration;90;true;false;false
1585250208;2106;508;true;0;24;0;174494;4491914;810;31;1413;1427;Restoration;90;true;false;false
1585249450;2106;721;false;0;5;3;192301;6124642;238;-6;1482;1484;Restoration;90;true;false;false
1584828100;726;1098;false;0;12;4;5190006;14942307;292;-3;1530;1600;Guardian;90;true;false;false
1584826602;566;918;true;0;17;0;5731002;7798019;542;17;1437;1425;Guardian;90;true;false;false
1584825102;2245;914;true;1;5;0;4718918;5164942;485;10;1381;1204;Guardian;90;true;false;false
1584823282;2245;977;false;0;1;1;3361070;3841026;242;-18;1221;1066;Guardian;90;true;false;false
1584821270;2106;1068;false;0;21;4;4228490;10724889;257;-11;1264;1312;Guardian;90;true;false;false
1584818944;566;906;false;0;2;4;6809865;11292979;234;-10;1394;1345;Guardian;90;true;false;false
1584817131;2245;1019;true;2;3;1;1777438;3210182;784;6;1328;965;Guardian;90;true;false;false
1584815698;761;731;false;0;1;1;1175455;1850895;252;-6;1424;1504;Guardian;90;true;false;false
1584749475;761;838;false;0;7;3;5180534;6208073;273;-2;1396;1725;Guardian;90;true;false;false
1584748482;726;875;true;0;13;3;2404936;7455423;624;19;1337;1320;Guardian;89;true;false;false
1584747336;2106;501;false;0;1;3;2050796;3067848;142;-4;1363;1576;Guardian;89;true;false;true
1584746172;727;511;true;0;16;0;4766080;3995381;506;10;1319;1204;Guardian;89;true;false;false
1584745025;1035;596;false;0;10;4;4910678;7676054;187;-8;1409;1413;Guardian;89;true;false;false
1584743581;1035;491;true;1;33;2;2653766;4752174;518;17;1308;1409;Guardian;89;true;false;false
1584739513;2245;907;false;1;2;2;8409404;12604392;234;-10;1357;1327;Guardian;89;true;false;false
1584737689;566;772;false;0;6;1;6128496;8951821;190;-5;1450;1506;Guardian;89;true;false;false
1584736678;726;1207;true;1;25;1;2858098;8699841;625;14;1327;1328;Guardian;89;true;false;false
1584734543;1803;1118;false;2;14;1;9068669;13029107;188;-10;1273;1347;Guardian;89;true;false;false
1584732407;2245;868;false;1;7;1;6411958;11517391;238;-10;1328;1357;Guardian;89;true;false;false
1584731302;566;863;false;0;10;2;8868372;11378496;189;-5;1465;1502;Guardian;89;true;false;false
1584730273;1035;588;true;5;32;3;3573184;5968741;521;15;1380;1375;Guardian;89;true;false;false
1584723898;1803;603;false;1;15;1;5481394;5787932;155;-12;1339;1299;Guardian;89;true;false;false
1584722705;2245;961;true;0;4;0;3525288;4207886;782;13;1259;1315;Guardian;89;true;false;true
1584719427;2106;566;false;0;1;2;4326310;8660914;142;-8;1385;1395;Guardian;89;true;false;false
1584717958;1803;782;false;1;20;0;3665988;5889252;274;-7;1390;1440;Guardian;89;true;false;false
1584651368;727;382;false;0;1;0;3437950;5597186;132;-6;1467;1467;Guardian;89;true;false;false
1584650335;1803;854;true;1;37;1;5627959;8730922;534;18;1380;1456;Guardian;89;true;false;false
1584649174;1803;858;true;0;16;2;5075574;7557567;797;12;1291;1263;Guardian;89;true;false;false
1584648106;1035;665;false;1;14;5;4557820;5116436;229;-7;1370;1436;Guardian;89;true;false;false
1584565798;1035;663;false;2;25;4;9052508;7124126;285;-8;1259;1394;Guardian;89;true;false;false
1584563767;2106;506;true;1;19;0;2021820;4711074;514;9;1181;1191;Guardian;89;true;false;false
1584561211;1803;872;false;0;5;3;7147498;10733662;150;-13;1192;1248;Guardian;89;true;false;false
1584559223;1803;1173;false;1;37;5;11448500;14837356;284;-7;1267;1447;Guardian;89;true;false;false
1584556945;727;427;false;0;0;0;3080668;2089471;150;-10;1269;1357;Guardian;89;true;false;true
1584555260;2107;685;false;0;4;2;5403802;8406374;188;-4;1330;1569;Guardian;88;true;false;false
1584552160;1803;1190;false;1;28;4;6891237;10680293;281;-3;1537;1644;Guardian;88;true;false;false
1584550705;761;681;false;0;1;0;0;8353;232;-3;1572;1686;Guardian;88;true;false;false
1584549043;727;641;true;1;8;2;4562060;6537000;793;16;1526;1406;Guardian;88;true;false;false
1584472447;1035;613;false;2;11;4;6176319;7328920;231;-9;1328;1411;Guardian;88;true;false;false
1584470722;566;794;false;0;2;4;6765982;8862749;194;-5;1396;1556;Guardian;88;true;false;false
1584469352;727;702;false;0;7;3;5552826;10109077;272;-5;1500;1538;Guardian;88;true;false;false
1584468002;726;734;true;0;15;1;3798214;9045712;909;16;1390;1410;Guardian;88;true;false;false
1584047708;1035;562;true;0;25;0;5422054;5943622;817;10;1308;1244;Guardian;88;true;false;false
1583603576;1035;446;false;0;4;4;4263210;3471753;167;-7;1357;1455;Guardian;88;true;false;false
1583524276;1803;906;false;1;25;2;6510372;8472755;248;-15;1189;1230;Guardian;88;true;false;false
1583341939;566;448;false;0;1;1;1198038;1550274;143;-1;1418;1818;Guardian;87;true;false;false
1583269056;1035;556;false;0;11;4;3923832;5836428;263;-8;1412;1438;Guardian;87;true;false;false
1583266871;2245;1049;true;0;2;0;391272;1129676;629;54;1363;1323;Guardian;87;true;false;false
1583265379;566;775;false;3;24;0;4441880;6156974;252;-4;1510;1536;Guardian;87;true;false;false
1583264429;761;827;true;3;29;0;4758563;4093923;1201;144;1389;1321;Guardian;87;true;false;false
1583011352;727;492;false;0;1;2;4835612;8224446;223;0;1469;1537;Guardian;86;true;false;false
1583009979;2245;816;false;0;0;0;1070458;1806696;240;0;1536;1659;Guardian;86;true;false;false
1582740663;566;910;false;0;7;1;12649442;14325920;258;0;1570;1634;Guardian;86;true;false;false
1582585554;727;737;true;0;11;2;745035;5265372;498;175;1542;1363;Restoration;86;true;false;false
1582584271;726;419;true;0;9;1;330411;2750916;570;188;1504;1426;Restoration;86;true;false;false
1582583696;2106;607;true;0;10;2;575048;5370228;805;190;1460;1355;Restoration;86;true;false;false
1582581472;1035;718;false;0;25;3;1371080;6384931;280;0;1491;1418;Restoration;85;true;false;false
1582579718;761;547;false;0;3;1;87428;5861339;216;0;1498;1645;Restoration;85;true;false;false
1582235675;726;994;false;0;9;5;4716338;13076224;318;0;1535;1491;Guardian;85;true;false;true
1582234259;2245;589;true;0;3;0;1584458;2075611;482;192;1503;1425;Guardian;85;true;false;false
1582232992;566;994;false;0;10;0;7046132;11088852;266;0;1536;1522;Guardian;85;true;false;false
1582231832;566;701;true;0;20;0;5367864;7316402;546;192;1486;1514;Guardian;85;true;false;false
1582230689;1035;773;false;2;35;2;4885970;6530553;279;0;1533;1573;Guardian;85;true;false;false
1582229612;1803;878;false;0;15;4;6868006;11630385;177;0;1604;1604;Guardian;85;true;false;false
1582228562;2107;989;true;0;10;0;10181404;10006114;791;192;1495;1531;Guardian;85;true;false;false
1578168042;726;1208;true;2;42;3;3541985;7614040;639;192;1661;1666;Guardian;82;true;false;false
1578166649;2106;1138;true;2;52;3;2318560;4947376;900;192;1521;1563;Guardian;82;true;false;false
1578164011;1035;724;false;1;35;0;3315513;5398648;305;0;1553;1572;Guardian;82;true;false;false
1578161679;1105;698;false;0;0;1;3388640;4460420;350;0;1595;1708;Guardian;82;true;false;true
1578160217;1105;613;false;0;4;2;2313665;4393894;208;0;1701;1688;Guardian;82;true;false;false